10
# t 0
0 1082.4622678835779 356.7298492812697
1 1094.5377321164221 539.7298492812697
2 705.9446251567364 188.986870129104
3 1136.5679633472428 44.6395203368629
4 611.2811819123318 181.95827031360136
5 100.95903906342977 451.3962349988175
6 58.727072194172464 552.2739245174977
7 795.2181561937758 122.22337979674442
8 259.21778093188215 381.7986439723158
9 762.9832440110486 345.02408086686575
# t 1
0 1065.311010892293 365.8493343883856
1 1111.688989107707 548.8493343883857
2 718.2050464315352 203.14048860695834
3 1155.078737930453 38.79748203181063
4 628.0438242754778 189.46206895535687
5 118.70835237488504 456.1137608357945
6 49.61955235756222 568.8104265446093
7 788.9716273819477 104.95276744935646
8 267.5029956061957 398.7858514473701
9 767.6825768330722 326.1760863839545
# t 2
0 1054.2035301741278 371.7552866482321
1 1122.7964698258722 554.7552866482323
2 727.0237246130471 210.60340894309635
3 1167.5796888776724 37.55140013020578
4 639.5158775736918 192.59616381008865
5 129.59616206477816 460.8977087443931
6 40.90274125220271 577.339749133092
7 783.5521113734842 94.16788236726087
8 272.86865844289406 409.78709057407184
9 770.6437008352121 314.29966669433634
# t 3
0 1043.2593947606413 377.57438666896314
1 1133.7406052393587 560.5743866689635
2 736.9423709127839 216.8421520648091
3 1179.7550254565153 39.621261604797
4 651.1408069304081 194.06670031400768
5 139.55586757427213 467.0706923278928
6 29.784575847947558 581.8262564445434
7 778.1370854362788 83.39193256692344
8 278.15541447317037 420.6265467724398
9 773.5612788961441 302.5979002354478
# t 4
0 1032.151914042476 383.4803389288096
1 1145.5327463435449 564.9070420752082
2 747.8032923257388 221.68683404582023
3 1190.1448665532594 46.53870311834125
4 663.0317318643857 193.87575097510953
5 148.67668355207473 474.7022893648554
6 17.648451344144753 581.0781070755376
7 772.6412382164285 72.45514769493919
8 283.5210773098687 431.62778589914154
9 776.0668649962585 290.7986473438442
# t 5
0 1021.2077786289896 389.2994389495407
1 1157.8021226916576 566.4955869497036
2 759.0690721347765 224.9107688718809
3 1195.2156618707631 57.69388178113897
4 674.4137373395716 193.71077042966672
5 156.51901024143467 483.40915232264695
6 7.433010582052581 574.8755168943894
7 767.2262122792231 61.67919789460176
8 288.807833340145 442.4672420975095
9 776.8617388328804 279.10763686346814
# t 6
0 1010.2636432155032 395.11853897027174
1 1170.0860460296947 565.0292018328064
2 770.6746048155817 226.5272685943571
3 1192.7875593794117 69.69780678997522
4 685.7949540396435 193.52195389089906
5 163.06622712932537 493.12694071203475
6 2.5529753829028152 564.0183435489496
7 761.8111863420177 50.90324809426433
8 294.0945893704213 453.3066982958774
9 776.8597879347567 267.39006645181723
# t 7
0 999.3195078020168 400.9376389910028
1 1181.344672143434 559.9707927646559
2 782.3921536136829 226.50467828406164
3 1184.08471476382 78.35711941163073
4 697.0378922497982 191.74316619644284
5 170.27874648749392 502.3617132953768
6 5.409810081671486 552.4762276148184
7 756.3961604048122 40.1272982939269
8 299.3813454006976 464.14615449424537
9 778.4967272207007 255.78739908900215
# t 8
0 988.3753723885304 406.7567390117339
1 1189.3464842766962 550.6375719753942
2 793.991794054612 224.84338598299766
3 1172.3182314214484 82.04734554164904
4 707.9219321331116 188.40925812392794
5 178.71229393045195 510.49724204253175
6 14.503588725510344 544.7477052260052
7 749.4963805265719 30.263610238917693
8 304.74043267019414 475.1339117102527
9 781.7404909899043 244.52731262938687
# t 9
0 977.431236975044 412.57583903246496
1 1191.3041695003672 538.5290279682054
2 805.2450621001184 221.5760462754691
3 1159.9497054354588 81.76338124141002
4 718.2326940888344 183.58583038942692
5 187.6802520651237 518.5606983048782
6 26.26626325619438 542.4244754233922
7 740.0139361193955 22.887520288593134
8 310.1740430346448 486.2744639141309
9 786.5272560100008 233.8315924053538
