1295.49
s 384 1 5 inf 0
s 363 1 5 inf 3
s 356 1 5 inf 3
s 346 1 5 inf 3
s 341 1 5 inf 3
s 340 1 5 inf 3
s 339 1 5 inf 3
s 333 1 5 inf 3
s 332 1 5 inf 3
s 331 1 5 inf 3
s 327 1 5 inf 3
s 321 1 5 inf 3
s 320 1 5 inf 3
s 319 1 5 inf 3
s 318 1 5 inf 3
s 317 1 5 inf 3
s 316 1 5 inf 3
s 310 1 5 inf 3
s 305 1 5 inf 3
s 304 1 5 inf 3
s 303 1 5 inf 3
s 298 1 5 inf 3
s 297 1 5 inf 3
s 296 1 5 inf 3
s 290 1 5 inf 3
s 285 1 5 inf 3
s 284 1 5 inf 3
s 283 1 5 inf 3
s 277 1 5 inf 3
s 276 1 5 inf 3
s 275 1 5 inf 3
s 274 1 5 inf 3
s 273 1 5 inf 3
s 272 1 5 inf 3
s 266 1 5 inf 3
s 265 1 5 inf 3
s 264 1 5 inf 3
s 263 1 5 inf 3
s 262 1 5 inf 3
s 261 1 5 inf 3
s 255 1 5 inf 3
s 254 1 5 inf 3
s 253 1 5 inf 3
s 252 1 5 inf 3
s 251 1 5 inf 3
s 250 1 5 inf 3
s 243 1 5 inf 3
s 242 1 5 inf 3
s 241 1 5 inf 3
s 240 1 5 inf 3
s 239 1 5 inf 3
s 238 1 5 inf 3
s 237 1 5 inf 3
s 236 1 5 inf 3
s 235 1 5 inf 3
s 234 1 5 inf 3
s 227 1 5 inf 3
s 226 1 5 inf 3
s 225 1 5 inf 3
s 224 1 5 inf 3
s 223 1 5 inf 3
s 222 1 5 inf 3
s 221 1 5 inf 3
s 220 1 5 inf 3
s 219 1 5 inf 3
s 218 1 5 inf 3
s 211 1 5 inf 3
s 210 1 5 inf 3
s 209 1 5 inf 3
s 208 1 5 inf 3
s 207 1 5 inf 3
s 206 1 5 inf 3
s 205 1 5 inf 3
s 204 1 5 inf 3
s 203 1 5 inf 3
s 202 1 5 inf 3
s 194 1 5 inf 3
s 193 1 5 inf 3
s 192 1 5 inf 3
s 191 1 5 inf 3
s 190 1 5 inf 3
s 189 1 5 inf 3
s 188 1 5 inf 3
s 187 1 5 inf 3
s 186 1 5 inf 3
s 185 1 5 inf 3
s 184 1 5 inf 3
s 183 1 5 inf 3
s 182 1 5 inf 3
s 181 1 5 inf 3
s 180 1 5 inf 3
s 172 1 5 inf 3
s 171 1 5 inf 3
s 170 1 5 inf 3
s 169 1 5 inf 3
s 168 1 5 inf 3
s 167 1 5 inf 3
s 166 1 5 inf 3
s 165 1 5 inf 3
s 164 1 5 inf 3
s 163 1 5 inf 3
s 162 1 5 inf 3
s 161 1 5 inf 3
s 160 1 5 inf 3
s 159 1 5 inf 3
s 158 1 5 inf 3
s 149 1 5 inf 3
s 148 1 5 inf 3
s 147 1 5 inf 3
s 146 1 5 inf 3
s 145 1 5 inf 3
s 144 1 5 inf 3
s 143 1 5 inf 3
s 142 1 5 inf 3
s 141 1 5 inf 3
s 140 1 5 inf 3
s 139 1 5 inf 3
s 138 1 5 inf 3
s 137 1 5 inf 3
s 136 1 5 inf 3
s 135 1 5 inf 3
s 134 1 5 inf 3
s 133 1 5 inf 3
s 132 1 5 inf 3
s 131 1 5 inf 3
s 130 1 5 inf 3
s 129 1 5 inf 3
c 384 1 1 1260.72
c 363 1 1 1260.72
c 356 1 1 1260.72
c 346 1 1 1260.72
c 341 1 1 1260.72
c 340 1 1 1260.72
c 339 1 1 1260.72
c 333 1 1 1260.72
c 332 1 1 1260.72
c 331 1 1 1260.72
c 327 1 1 1260.72
c 321 1 1 1260.72
c 320 1 1 1260.72
c 319 1 1 1260.72
c 318 1 1 1260.72
c 317 1 1 1260.72
c 316 1 1 1260.72
c 310 1 1 1260.72
c 305 1 1 1260.72
c 304 1 1 1260.72
c 303 1 1 1260.72
c 298 1 1 1260.72
c 297 1 1 1260.72
c 296 1 1 1260.72
c 290 1 1 1260.72
c 285 1 1 1260.72
c 284 1 1 1260.72
c 283 1 1 1260.72
c 277 1 1 1260.72
c 276 1 1 1260.72
c 275 1 1 1260.72
c 274 1 1 1260.72
c 273 1 1 1260.72
c 272 1 1 1260.72
c 266 1 1 1260.72
c 265 1 1 1260.72
c 264 1 1 1260.72
c 263 1 1 1260.72
c 262 1 1 1260.72
c 261 1 1 1260.72
c 255 1 1 1260.72
c 254 1 1 1260.72
c 253 1 1 1260.72
c 252 1 1 1260.72
c 251 1 1 1260.72
c 250 1 1 1260.72
c 243 1 1 1260.72
c 242 1 1 1260.72
c 241 1 1 1260.72
c 240 1 1 1260.72
c 239 1 1 1260.72
c 238 1 1 1260.72
c 237 1 1 1260.72
c 236 1 1 1260.72
c 235 1 1 1260.72
c 234 1 1 1260.72
c 227 1 1 1260.72
c 226 1 1 1260.72
c 225 1 1 1260.72
c 224 1 1 1260.72
c 223 1 1 1260.72
c 222 1 1 1260.72
c 221 1 1 1260.72
c 220 1 1 1260.72
c 219 1 1 1260.72
c 218 1 1 1260.72
c 211 1 1 1260.72
c 210 1 1 1260.72
c 209 1 1 1260.72
c 208 1 1 1260.72
c 207 1 1 1260.72
c 206 1 1 1260.72
c 205 1 1 1260.72
c 204 1 1 1260.72
c 203 1 1 1260.72
c 202 1 1 1260.72
c 194 1 1 1260.72
c 193 1 1 1260.72
c 192 1 1 1260.72
c 191 1 1 1260.72
c 190 1 1 1260.72
c 189 1 1 1260.72
c 188 1 1 1260.72
c 187 1 1 1260.72
c 186 1 1 1260.72
c 185 1 1 1260.72
c 184 1 1 1260.72
c 183 1 1 1260.72
c 182 1 1 1260.72
c 181 1 1 1260.72
c 180 1 1 1260.72
c 172 1 1 1260.72
c 171 1 1 1260.72
c 170 1 1 1260.72
c 169 1 1 1260.72
c 168 1 1 1260.72
c 167 1 1 1260.72
c 166 1 1 1260.72
c 165 1 1 1260.72
c 164 1 1 1260.72
c 163 1 1 1260.72
c 162 1 1 1260.72
c 161 1 1 1260.72
c 160 1 1 1260.72
c 159 1 1 1260.72
c 158 1 1 1260.72
c 149 1 1 1260.72
c 148 1 1 1260.72
c 147 1 1 1260.72
c 146 1 1 1260.72
c 145 1 1 1260.72
c 144 1 1 1260.72
c 143 1 1 1260.72
c 142 1 1 1260.72
c 141 1 1 1260.72
c 140 1 1 1260.72
c 139 1 1 1260.72
c 138 1 1 1260.72
c 137 1 1 1260.72
c 136 1 1 1260.72
c 135 1 1 1260.72
c 134 1 1 1260.72
c 133 1 1 1260.72
c 132 1 1 1260.72
c 131 1 1 1260.72
c 130 1 1 1260.72
c 129 1 1 1260.72
e 129 1 1 1225.95
e 130 1 1 1225.95
e 131 1 1 1225.95
e 132 1 1 1225.95
e 133 1 1 1225.95
e 134 1 1 1225.95
e 135 1 1 1225.95
e 136 1 1 1225.95
e 137 1 1 1225.95
e 138 1 1 1225.95
e 139 1 1 1225.95
e 140 1 1 1225.95
e 141 1 1 1225.95
e 142 1 1 1225.95
e 143 1 1 1225.95
e 144 1 1 1225.95
e 145 1 1 1225.95
e 146 1 1 1225.95
e 147 1 1 1225.95
e 148 1 1 1225.95
e 149 1 1 1225.95
c 384 1 1 1188.17
c 363 1 1 1188.17
c 356 1 1 1188.17
c 346 1 1 1188.17
c 341 1 1 1188.17
c 340 1 1 1188.17
c 339 1 1 1188.17
c 333 1 1 1188.17
c 332 1 1 1188.17
c 331 1 1 1188.17
c 327 1 1 1188.17
c 321 1 1 1188.17
c 320 1 1 1188.17
c 319 1 1 1188.17
c 318 1 1 1188.17
c 317 1 1 1188.17
c 316 1 1 1188.17
c 310 1 1 1188.17
c 305 1 1 1188.17
c 304 1 1 1188.17
c 303 1 1 1188.17
c 298 1 1 1188.17
c 297 1 1 1188.17
c 296 1 1 1188.17
c 290 1 1 1188.17
c 285 1 1 1188.17
c 284 1 1 1188.17
c 283 1 1 1188.17
c 277 1 1 1188.17
c 276 1 1 1188.17
c 275 1 1 1188.17
c 274 1 1 1188.17
c 273 1 1 1188.17
c 272 1 1 1188.17
c 266 1 1 1188.17
c 265 1 1 1188.17
c 264 1 1 1188.17
c 263 1 1 1188.17
c 262 1 1 1188.17
c 261 1 1 1188.17
c 255 1 1 1188.17
c 254 1 1 1188.17
c 253 1 1 1188.17
c 252 1 1 1188.17
c 251 1 1 1188.17
c 250 1 1 1188.17
c 243 1 1 1188.17
c 242 1 1 1188.17
c 241 1 1 1188.17
c 240 1 1 1188.17
c 239 1 1 1188.17
c 238 1 1 1188.17
c 237 1 1 1188.17
c 236 1 1 1188.17
c 235 1 1 1188.17
c 234 1 1 1188.17
c 227 1 1 1188.17
c 226 1 1 1188.17
c 225 1 1 1188.17
c 224 1 1 1188.17
c 223 1 1 1188.17
c 222 1 1 1188.17
c 221 1 1 1188.17
c 220 1 1 1188.17
c 219 1 1 1188.17
c 218 1 1 1188.17
c 211 1 1 1188.17
c 210 1 1 1188.17
c 209 1 1 1188.17
c 208 1 1 1188.17
c 207 1 1 1188.17
c 206 1 1 1188.17
c 205 1 1 1188.17
c 204 1 1 1188.17
c 203 1 1 1188.17
c 202 1 1 1188.17
c 194 1 1 1188.17
c 193 1 1 1188.17
c 192 1 1 1188.17
c 191 1 1 1188.17
c 190 1 1 1188.17
c 189 1 1 1188.17
c 188 1 1 1188.17
c 187 1 1 1188.17
c 186 1 1 1188.17
c 185 1 1 1188.17
c 184 1 1 1188.17
c 183 1 1 1188.17
c 182 1 1 1188.17
c 181 1 1 1188.17
c 180 1 1 1188.17
c 172 1 1 1188.17
c 171 1 1 1188.17
c 170 1 1 1188.17
c 169 1 1 1188.17
c 168 1 1 1188.17
c 167 1 1 1188.17
c 166 1 1 1188.17
c 165 1 1 1188.17
c 164 1 1 1188.17
c 163 1 1 1188.17
c 162 1 1 1188.17
c 161 1 1 1188.17
c 160 1 1 1188.17
c 159 1 1 1188.17
c 158 1 1 1188.17
c 384 1 1 1138.22
c 363 1 1 1138.22
c 356 1 1 1138.22
c 346 1 1 1138.22
c 341 1 1 1138.22
c 340 1 1 1138.22
c 339 1 1 1138.22
c 333 1 1 1138.22
c 332 1 1 1138.22
c 331 1 1 1138.22
c 327 1 1 1138.22
c 321 1 1 1138.22
c 320 1 1 1138.22
c 319 1 1 1138.22
c 318 1 1 1138.22
c 317 1 1 1138.22
c 316 1 1 1138.22
c 310 1 1 1138.22
c 305 1 1 1138.22
c 304 1 1 1138.22
c 303 1 1 1138.22
c 298 1 1 1138.22
c 297 1 1 1138.22
c 296 1 1 1138.22
c 290 1 1 1138.22
c 285 1 1 1138.22
c 284 1 1 1138.22
c 283 1 1 1138.22
c 277 1 1 1138.22
c 276 1 1 1138.22
c 275 1 1 1138.22
c 274 1 1 1138.22
c 273 1 1 1138.22
c 272 1 1 1138.22
c 266 1 1 1138.22
c 265 1 1 1138.22
c 264 1 1 1138.22
c 263 1 1 1138.22
c 262 1 1 1138.22
c 261 1 1 1138.22
c 255 1 1 1138.22
c 254 1 1 1138.22
c 253 1 1 1138.22
c 252 1 1 1138.22
c 251 1 1 1138.22
c 250 1 1 1138.22
c 243 1 1 1138.22
c 242 1 1 1138.22
c 241 1 1 1138.22
c 240 1 1 1138.22
c 239 1 1 1138.22
c 238 1 1 1138.22
c 237 1 1 1138.22
c 236 1 1 1138.22
c 235 1 1 1138.22
c 234 1 1 1138.22
c 227 1 1 1138.22
c 226 1 1 1138.22
c 225 1 1 1138.22
c 224 1 1 1138.22
c 223 1 1 1138.22
c 222 1 1 1138.22
c 221 1 1 1138.22
c 220 1 1 1138.22
c 219 1 1 1138.22
c 218 1 1 1138.22
c 211 1 1 1138.22
c 210 1 1 1138.22
c 209 1 1 1138.22
c 208 1 1 1138.22
c 207 1 1 1138.22
c 206 1 1 1138.22
c 205 1 1 1138.22
c 204 1 1 1138.22
c 203 1 1 1138.22
c 202 1 1 1138.22
c 194 1 1 1138.22
c 193 1 1 1138.22
c 192 1 1 1138.22
c 191 1 1 1138.22
c 190 1 1 1138.22
c 189 1 1 1138.22
c 188 1 1 1138.22
c 187 1 1 1138.22
c 186 1 1 1138.22
c 185 1 1 1138.22
c 184 1 1 1138.22
c 183 1 1 1138.22
c 182 1 1 1138.22
c 181 1 1 1138.22
c 180 1 1 1138.22
c 172 1 1 1138.22
c 171 1 1 1138.22
c 170 1 1 1138.22
c 169 1 1 1138.22
c 168 1 1 1138.22
c 167 1 1 1138.22
c 166 1 1 1138.22
c 165 1 1 1138.22
c 164 1 1 1138.22
c 163 1 1 1138.22
c 162 1 1 1138.22
c 161 1 1 1138.22
c 160 1 1 1138.22
c 159 1 1 1138.22
c 158 1 1 1138.22
e 194 1 5 1126.05
e 193 1 5 1126.05
e 192 1 5 1126.05
e 191 1 5 1126.05
e 190 1 5 1126.05
e 189 1 5 1126.05
e 188 1 5 1126.05
e 187 1 5 1126.05
e 186 1 5 1126.05
e 185 1 5 1126.05
e 184 1 5 1126.05
e 183 1 5 1126.05
e 182 1 5 1126.05
e 181 1 5 1126.05
e 180 1 5 1126.05
s 396 4 5 1126.05 3
c 396 4.01805 4.01805 1125.98
s 395 1 4 1126.05 3
c 395 1 1 1125.98
s 394 4 5 1126.05 3
c 394 4.01805 4.01805 1125.98
s 393 1 4 1126.05 3
c 393 1 1 1125.98
c 384 1 1 1125.98
c 363 1 1 1125.98
c 356 1 1 1125.98
c 346 1 1 1125.98
c 341 1 1 1125.98
c 340 1 1 1125.98
c 339 1 1 1125.98
c 333 1 1 1125.98
c 332 1 1 1125.98
c 331 1 1 1125.98
c 327 1 1 1125.98
c 321 1 1 1125.98
c 320 1 1 1125.98
c 319 1 1 1125.98
c 318 1 1 1125.98
c 317 1 1 1125.98
c 316 1 1 1125.98
c 310 1 1 1125.98
c 305 1 1 1125.98
c 304 1 1 1125.98
c 303 1 1 1125.98
c 298 1 1 1125.98
c 297 1 1 1125.98
c 296 1 1 1125.98
c 290 1 1 1125.98
c 285 1 1 1125.98
c 284 1 1 1125.98
c 283 1 1 1125.98
c 277 1 1 1125.98
c 276 1 1 1125.98
c 275 1 1 1125.98
c 274 1 1 1125.98
c 273 1 1 1125.98
c 272 1 1 1125.98
c 266 1 1 1125.98
c 265 1 1 1125.98
c 264 1 1 1125.98
c 263 1 1 1125.98
c 262 1 1 1125.98
c 261 1 1 1125.98
c 255 1 1 1125.98
c 254 1 1 1125.98
c 253 1 1 1125.98
c 252 1 1 1125.98
c 251 1 1 1125.98
c 250 1 1 1125.98
c 243 1 1 1125.98
c 242 1 1 1125.98
c 241 1 1 1125.98
c 240 1 1 1125.98
c 239 1 1 1125.98
c 238 1 1 1125.98
c 237 1 1 1125.98
c 236 1 1 1125.98
c 235 1 1 1125.98
c 234 1 1 1125.98
c 227 1 1 1125.98
c 226 1 1 1125.98
c 225 1 1 1125.98
c 224 1 1 1125.98
c 223 1 1 1125.98
c 222 1 1 1125.98
c 221 1 1 1125.98
c 220 1 1 1125.98
c 219 1 1 1125.98
c 218 1 1 1125.98
c 211 1 1 1125.98
c 210 1 1 1125.98
c 209 1 1 1125.98
c 208 1 1 1125.98
c 207 1 1 1125.98
c 206 1 1 1125.98
c 205 1 1 1125.98
c 204 1 1 1125.98
c 203 1 1 1125.98
c 202 1 1 1125.98
c 172 1 1 1125.98
c 171 1 1 1125.98
c 170 1 1 1125.98
c 169 1 1 1125.98
c 168 1 1 1125.98
c 167 1 1 1125.98
c 166 1 1 1125.98
c 165 1 1 1125.98
c 164 1 1 1125.98
c 163 1 1 1125.98
c 162 1 1 1125.98
c 161 1 1 1125.98
c 160 1 1 1125.98
c 159 1 1 1125.98
c 158 1 1 1125.98
s 422 4 5 1126.05 3
c 422 4.01805 4.01805 1125.98
s 421 1 4 1126.05 3
c 421 1 1 1125.98
s 420 4 5 1126.05 3
c 420 4.01805 4.01805 1125.98
s 419 1 4 1126.05 3
c 419 1 1 1125.98
s 418 4 5 1126.05 3
c 418 4.01805 4.01805 1125.98
s 417 1 4 1126.05 3
c 417 1 1 1125.98
s 416 4 5 1126.05 3
c 416 4.01805 4.01805 1125.98
s 415 1 4 1126.05 3
c 415 1 1 1125.98
s 414 4 5 1126.05 3
c 414 4.01805 4.01805 1125.98
s 413 1 4 1126.05 3
c 413 1 1 1125.98
s 412 4 5 1126.05 3
c 412 4.01805 4.01805 1125.98
s 411 1 4 1126.05 3
c 411 1 1 1125.98
s 410 4 5 1126.05 3
c 410 4.01805 4.01805 1125.98
s 409 1 4 1126.05 3
c 409 1 1 1125.98
s 408 4 5 1126.05 3
c 408 4.01805 4.01805 1125.98
s 407 1 4 1126.05 3
c 407 1 1 1125.98
s 406 4 5 1126.05 3
c 406 4.01805 4.01805 1125.98
s 405 1 4 1126.05 3
c 405 1 1 1125.98
s 404 4 5 1126.05 3
c 404 4.01805 4.01805 1125.98
s 403 1 4 1126.05 3
c 403 1 1 1125.98
s 402 4 5 1126.05 3
c 402 4.01805 4.01805 1125.98
s 401 1 4 1126.05 3
c 401 1 1 1125.98
s 400 4 5 1126.05 3
c 400 4.01805 4.01805 1125.98
s 399 1 4 1126.05 3
c 399 1 1 1125.98
s 398 4 5 1126.05 3
c 398 4.01805 4.01805 1125.98
s 397 1 4 1126.05 3
c 397 1 1 1125.98
c 396 4.51805 4.51805 1124.24
c 395 1 1 1124.24
c 394 4.51805 4.51805 1124.24
c 393 1 1 1124.24
c 384 1 1 1124.24
c 363 1 1 1124.24
c 356 1 1 1124.24
c 346 1 1 1124.24
c 341 1 1 1124.24
c 340 1 1 1124.24
c 339 1 1 1124.24
c 333 1 1 1124.24
c 332 1 1 1124.24
c 331 1 1 1124.24
c 327 1 1 1124.24
c 321 1 1 1124.24
c 320 1 1 1124.24
c 319 1 1 1124.24
c 318 1 1 1124.24
c 317 1 1 1124.24
c 316 1 1 1124.24
c 310 1 1 1124.24
c 305 1 1 1124.24
c 304 1 1 1124.24
c 303 1 1 1124.24
c 298 1 1 1124.24
c 297 1 1 1124.24
c 296 1 1 1124.24
c 290 1 1 1124.24
c 285 1 1 1124.24
c 284 1 1 1124.24
c 283 1 1 1124.24
c 277 1 1 1124.24
c 276 1 1 1124.24
c 275 1 1 1124.24
c 274 1 1 1124.24
c 273 1 1 1124.24
c 272 1 1 1124.24
c 266 1 1 1124.24
c 265 1 1 1124.24
c 264 1 1 1124.24
c 263 1 1 1124.24
c 262 1 1 1124.24
c 261 1 1 1124.24
c 255 1 1 1124.24
c 254 1 1 1124.24
c 253 1 1 1124.24
c 252 1 1 1124.24
c 251 1 1 1124.24
c 250 1 1 1124.24
c 243 1 1 1124.24
c 242 1 1 1124.24
c 241 1 1 1124.24
c 240 1 1 1124.24
c 239 1 1 1124.24
c 238 1 1 1124.24
c 237 1 1 1124.24
c 236 1 1 1124.24
c 235 1 1 1124.24
c 234 1 1 1124.24
c 227 1 1 1124.24
c 226 1 1 1124.24
c 225 1 1 1124.24
c 224 1 1 1124.24
c 223 1 1 1124.24
c 222 1 1 1124.24
c 221 1 1 1124.24
c 220 1 1 1124.24
c 219 1 1 1124.24
c 218 1 1 1124.24
c 211 1 1 1124.24
c 210 1 1 1124.24
c 209 1 1 1124.24
c 208 1 1 1124.24
c 207 1 1 1124.24
c 206 1 1 1124.24
c 205 1 1 1124.24
c 204 1 1 1124.24
c 203 1 1 1124.24
c 202 1 1 1124.24
c 172 1 1 1124.24
c 171 1 1 1124.24
c 170 1 1 1124.24
c 169 1 1 1124.24
c 168 1 1 1124.24
c 167 1 1 1124.24
c 166 1 1 1124.24
c 165 1 1 1124.24
c 164 1 1 1124.24
c 163 1 1 1124.24
c 162 1 1 1124.24
c 161 1 1 1124.24
c 160 1 1 1124.24
c 159 1 1 1124.24
c 158 1 1 1124.24
c 422 4.51805 4.51805 1124.24
c 421 1 1 1124.24
c 420 4.51805 4.51805 1124.24
c 419 1 1 1124.24
c 418 4.51805 4.51805 1124.24
c 417 1 1 1124.24
c 416 4.51805 4.51805 1124.24
c 415 1 1 1124.24
c 414 4.51805 4.51805 1124.24
c 413 1 1 1124.24
c 412 4.51805 4.51805 1124.24
c 411 1 1 1124.24
c 410 4.51805 4.51805 1124.24
c 409 1 1 1124.24
c 408 4.51805 4.51805 1124.24
c 407 1 1 1124.24
c 406 4.51805 4.51805 1124.24
c 405 1 1 1124.24
c 404 4.51805 4.51805 1124.24
c 403 1 1 1124.24
c 402 4.51805 4.51805 1124.24
c 401 1 1 1124.24
c 400 4.51805 4.51805 1124.24
c 399 1 1 1124.24
c 398 4.51805 4.51805 1124.24
c 397 1 1 1124.24
e 422 5 5 1122.55
e 420 5 5 1122.55
e 418 5 5 1122.55
e 416 5 5 1122.55
e 414 5 5 1122.55
e 412 5 5 1122.55
e 410 5 5 1122.55
e 408 5 5 1122.55
e 406 5 5 1122.55
e 404 5 5 1122.55
e 402 5 5 1122.55
e 400 5 5 1122.55
e 398 5 5 1122.55
e 396 5 5 1122.55
e 394 5 5 1122.55
c 395 1 1 1119.89
c 393 1 1 1119.89
c 384 1 1 1119.89
c 363 1 1 1119.89
c 356 1 1 1119.89
c 346 1 1 1119.89
c 341 1 1 1119.89
c 340 1 1 1119.89
c 339 1 1 1119.89
c 333 1 1 1119.89
c 332 1 1 1119.89
c 331 1 1 1119.89
c 327 1 1 1119.89
c 321 1 1 1119.89
c 320 1 1 1119.89
c 319 1 1 1119.89
c 318 1 1 1119.89
c 317 1 1 1119.89
c 316 1 1 1119.89
c 310 1 1 1119.89
c 305 1 1 1119.89
c 304 1 1 1119.89
c 303 1 1 1119.89
c 298 1 1 1119.89
c 297 1 1 1119.89
c 296 1 1 1119.89
c 290 1 1 1119.89
c 285 1 1 1119.89
c 284 1 1 1119.89
c 283 1 1 1119.89
c 277 1 1 1119.89
c 276 1 1 1119.89
c 275 1 1 1119.89
c 274 1 1 1119.89
c 273 1 1 1119.89
c 272 1 1 1119.89
c 266 1 1 1119.89
c 265 1 1 1119.89
c 264 1 1 1119.89
c 263 1 1 1119.89
c 262 1 1 1119.89
c 261 1 1 1119.89
c 255 1 1 1119.89
c 254 1 1 1119.89
c 253 1 1 1119.89
c 252 1 1 1119.89
c 251 1 1 1119.89
c 250 1 1 1119.89
c 243 1 1 1119.89
c 242 1 1 1119.89
c 241 1 1 1119.89
c 240 1 1 1119.89
c 239 1 1 1119.89
c 238 1 1 1119.89
c 237 1 1 1119.89
c 236 1 1 1119.89
c 235 1 1 1119.89
c 234 1 1 1119.89
c 227 1 1 1119.89
c 226 1 1 1119.89
c 225 1 1 1119.89
c 224 1 1 1119.89
c 223 1 1 1119.89
c 222 1 1 1119.89
c 221 1 1 1119.89
c 220 1 1 1119.89
c 219 1 1 1119.89
c 218 1 1 1119.89
c 211 1 1 1119.89
c 210 1 1 1119.89
c 209 1 1 1119.89
c 208 1 1 1119.89
c 207 1 1 1119.89
c 206 1 1 1119.89
c 205 1 1 1119.89
c 204 1 1 1119.89
c 203 1 1 1119.89
c 202 1 1 1119.89
c 172 1 1 1119.89
c 171 1 1 1119.89
c 170 1 1 1119.89
c 169 1 1 1119.89
c 168 1 1 1119.89
c 167 1 1 1119.89
c 166 1 1 1119.89
c 165 1 1 1119.89
c 164 1 1 1119.89
c 163 1 1 1119.89
c 162 1 1 1119.89
c 161 1 1 1119.89
c 160 1 1 1119.89
c 159 1 1 1119.89
c 158 1 1 1119.89
c 421 1 1 1119.89
c 419 1 1 1119.89
c 417 1 1 1119.89
c 415 1 1 1119.89
c 413 1 1 1119.89
c 411 1 1 1119.89
c 409 1 1 1119.89
c 407 1 1 1119.89
c 405 1 1 1119.89
c 403 1 1 1119.89
c 401 1 1 1119.89
c 399 1 1 1119.89
c 397 1 1 1119.89
e 393 1 1 1117.24
e 395 1 1 1117.24
e 397 1 1 1117.24
e 399 1 1 1117.24
e 401 1 1 1117.24
e 403 1 1 1117.24
e 405 1 1 1117.24
e 407 1 1 1117.24
e 409 1 1 1117.24
e 411 1 1 1117.24
e 413 1 1 1117.24
e 415 1 1 1117.24
e 417 1 1 1117.24
e 419 1 1 1117.24
e 421 1 1 1117.24
c 384 1 1 1089.75
c 363 1 1 1089.75
c 356 1 1 1089.75
c 346 1 1 1089.75
c 341 1 1 1089.75
c 340 1 1 1089.75
c 339 1 1 1089.75
c 333 1 1 1089.75
c 332 1 1 1089.75
c 331 1 1 1089.75
c 327 1 1 1089.75
c 321 1 1 1089.75
c 320 1 1 1089.75
c 319 1 1 1089.75
c 318 1 1 1089.75
c 317 1 1 1089.75
c 316 1 1 1089.75
c 310 1 1 1089.75
c 305 1 1 1089.75
c 304 1 1 1089.75
c 303 1 1 1089.75
c 298 1 1 1089.75
c 297 1 1 1089.75
c 296 1 1 1089.75
c 290 1 1 1089.75
c 285 1 1 1089.75
c 284 1 1 1089.75
c 283 1 1 1089.75
c 277 1 1 1089.75
c 276 1 1 1089.75
c 275 1 1 1089.75
c 274 1 1 1089.75
c 273 1 1 1089.75
c 272 1 1 1089.75
c 266 1 1 1089.75
c 265 1 1 1089.75
c 264 1 1 1089.75
c 263 1 1 1089.75
c 262 1 1 1089.75
c 261 1 1 1089.75
c 255 1 1 1089.75
c 254 1 1 1089.75
c 253 1 1 1089.75
c 252 1 1 1089.75
c 251 1 1 1089.75
c 250 1 1 1089.75
c 243 1 1 1089.75
c 242 1 1 1089.75
c 241 1 1 1089.75
c 240 1 1 1089.75
c 239 1 1 1089.75
c 238 1 1 1089.75
c 237 1 1 1089.75
c 236 1 1 1089.75
c 235 1 1 1089.75
c 234 1 1 1089.75
c 227 1 1 1089.75
c 226 1 1 1089.75
c 225 1 1 1089.75
c 224 1 1 1089.75
c 223 1 1 1089.75
c 222 1 1 1089.75
c 221 1 1 1089.75
c 220 1 1 1089.75
c 219 1 1 1089.75
c 218 1 1 1089.75
c 211 1 1 1089.75
c 210 1 1 1089.75
c 209 1 1 1089.75
c 208 1 1 1089.75
c 207 1 1 1089.75
c 206 1 1 1089.75
c 205 1 1 1089.75
c 204 1 1 1089.75
c 203 1 1 1089.75
c 202 1 1 1089.75
c 172 1 1 1089.75
c 171 1 1 1089.75
c 170 1 1 1089.75
c 169 1 1 1089.75
c 168 1 1 1089.75
c 167 1 1 1089.75
c 166 1 1 1089.75
c 165 1 1 1089.75
c 164 1 1 1089.75
c 163 1 1 1089.75
c 162 1 1 1089.75
c 161 1 1 1089.75
c 160 1 1 1089.75
c 159 1 1 1089.75
c 158 1 1 1089.75
e 158 1 1 1062.26
e 159 1 1 1062.26
e 160 1 1 1062.26
e 161 1 1 1062.26
e 162 1 1 1062.26
e 163 1 1 1062.26
e 164 1 1 1062.26
e 165 1 1 1062.26
e 166 1 1 1062.26
e 167 1 1 1062.26
e 168 1 1 1062.26
e 169 1 1 1062.26
e 170 1 1 1062.26
e 171 1 1 1062.26
e 172 1 1 1062.26
c 384 1 1 1049.01
c 363 1 1 1049.01
c 356 1 1 1049.01
c 346 1 1 1049.01
c 341 1 1 1049.01
c 340 1 1 1049.01
c 339 1 1 1049.01
c 333 1 1 1049.01
c 332 1 1 1049.01
c 331 1 1 1049.01
c 327 1 1 1049.01
c 321 1 1 1049.01
c 320 1 1 1049.01
c 319 1 1 1049.01
c 318 1 1 1049.01
c 317 1 1 1049.01
c 316 1 1 1049.01
c 310 1 1 1049.01
c 305 1 1 1049.01
c 304 1 1 1049.01
c 303 1 1 1049.01
c 298 1 1 1049.01
c 297 1 1 1049.01
c 296 1 1 1049.01
c 290 1 1 1049.01
c 285 1 1 1049.01
c 284 1 1 1049.01
c 283 1 1 1049.01
c 277 1 1 1049.01
c 276 1 1 1049.01
c 275 1 1 1049.01
c 274 1 1 1049.01
c 273 1 1 1049.01
c 272 1 1 1049.01
c 266 1 1 1049.01
c 265 1 1 1049.01
c 264 1 1 1049.01
c 263 1 1 1049.01
c 262 1 1 1049.01
c 261 1 1 1049.01
c 255 1 1 1049.01
c 254 1 1 1049.01
c 253 1 1 1049.01
c 252 1 1 1049.01
c 251 1 1 1049.01
c 250 1 1 1049.01
c 243 1 1 1049.01
c 242 1 1 1049.01
c 241 1 1 1049.01
c 240 1 1 1049.01
c 239 1 1 1049.01
c 238 1 1 1049.01
c 237 1 1 1049.01
c 236 1 1 1049.01
c 235 1 1 1049.01
c 234 1 1 1049.01
c 227 1 1 1049.01
c 226 1 1 1049.01
c 225 1 1 1049.01
c 224 1 1 1049.01
c 223 1 1 1049.01
c 222 1 1 1049.01
c 221 1 1 1049.01
c 220 1 1 1049.01
c 219 1 1 1049.01
c 218 1 1 1049.01
c 211 1 1 1049.01
c 210 1 1 1049.01
c 209 1 1 1049.01
c 208 1 1 1049.01
c 207 1 1 1049.01
c 206 1 1 1049.01
c 205 1 1 1049.01
c 204 1 1 1049.01
c 203 1 1 1049.01
c 202 1 1 1049.01
c 384 1 1 1033.2
c 363 1 1 1033.2
c 356 1 1 1033.2
c 346 1 1 1033.2
c 341 1 1 1033.2
c 340 1 1 1033.2
c 339 1 1 1033.2
c 333 1 1 1033.2
c 332 1 1 1033.2
c 331 1 1 1033.2
c 327 1 1 1033.2
c 321 1 1 1033.2
c 320 1 1 1033.2
c 319 1 1 1033.2
c 318 1 1 1033.2
c 317 1 1 1033.2
c 316 1 1 1033.2
c 310 1 1 1033.2
c 305 1 1 1033.2
c 304 1 1 1033.2
c 303 1 1 1033.2
c 298 1 1 1033.2
c 297 1 1 1033.2
c 296 1 1 1033.2
c 290 1 1 1033.2
c 285 1 1 1033.2
c 284 1 1 1033.2
c 283 1 1 1033.2
c 277 1 1 1033.2
c 276 1 1 1033.2
c 275 1 1 1033.2
c 274 1 1 1033.2
c 273 1 1 1033.2
c 272 1 1 1033.2
c 266 1 1 1033.2
c 265 1 1 1033.2
c 264 1 1 1033.2
c 263 1 1 1033.2
c 262 1 1 1033.2
c 261 1 1 1033.2
c 255 1 1 1033.2
c 254 1 1 1033.2
c 253 1 1 1033.2
c 252 1 1 1033.2
c 251 1 1 1033.2
c 250 1 1 1033.2
c 243 1 1 1033.2
c 242 1 1 1033.2
c 241 1 1 1033.2
c 240 1 1 1033.2
c 239 1 1 1033.2
c 238 1 1 1033.2
c 237 1 1 1033.2
c 236 1 1 1033.2
c 235 1 1 1033.2
c 234 1 1 1033.2
c 227 1 1 1033.2
c 226 1 1 1033.2
c 225 1 1 1033.2
c 224 1 1 1033.2
c 223 1 1 1033.2
c 222 1 1 1033.2
c 221 1 1 1033.2
c 220 1 1 1033.2
c 219 1 1 1033.2
c 218 1 1 1033.2
c 211 4.12619 4.12619 1033.2
c 210 4.12619 4.12619 1033.2
c 209 4.12619 4.12619 1033.2
c 208 4.12619 4.12619 1033.2
c 207 4.12619 4.12619 1033.2
c 206 4.12619 4.12619 1033.2
c 205 4.12619 4.12619 1033.2
c 204 4.12619 4.12619 1033.2
c 203 4.12619 4.12619 1033.2
c 202 4.12619 4.12619 1033.2
e 202 5 5 1030.62
e 203 5 5 1030.62
e 204 5 5 1030.62
e 205 5 5 1030.62
e 206 5 5 1030.62
e 207 5 5 1030.62
e 208 5 5 1030.62
e 209 5 5 1030.62
e 210 5 5 1030.62
e 211 5 5 1030.62
c 384 1 1 1017.67
c 363 1 1 1017.67
c 356 1 1 1017.67
c 346 1 1 1017.67
c 341 1 1 1017.67
c 340 1 1 1017.67
c 339 1 1 1017.67
c 333 1 1 1017.67
c 332 1 1 1017.67
c 331 1 1 1017.67
c 327 1 1 1017.67
c 321 1 1 1017.67
c 320 1 1 1017.67
c 319 1 1 1017.67
c 318 1 1 1017.67
c 317 1 1 1017.67
c 316 1 1 1017.67
c 310 1 1 1017.67
c 305 1 1 1017.67
c 304 1 1 1017.67
c 303 1 1 1017.67
c 298 1 1 1017.67
c 297 1 1 1017.67
c 296 1 1 1017.67
c 290 1 1 1017.67
c 285 1 1 1017.67
c 284 1 1 1017.67
c 283 1 1 1017.67
c 277 1 1 1017.67
c 276 1 1 1017.67
c 275 1 1 1017.67
c 274 1 1 1017.67
c 273 1 1 1017.67
c 272 1 1 1017.67
c 266 1 1 1017.67
c 265 1 1 1017.67
c 264 1 1 1017.67
c 263 1 1 1017.67
c 262 1 1 1017.67
c 261 1 1 1017.67
c 255 1 1 1017.67
c 254 1 1 1017.67
c 253 1 1 1017.67
c 252 1 1 1017.67
c 251 1 1 1017.67
c 250 1 1 1017.67
c 243 1 1 1017.67
c 242 1 1 1017.67
c 241 1 1 1017.67
c 240 1 1 1017.67
c 239 1 1 1017.67
c 238 1 1 1017.67
c 237 1 1 1017.67
c 236 1 1 1017.67
c 235 1 1 1017.67
c 234 1 1 1017.67
c 227 1 1 1017.67
c 226 1 1 1017.67
c 225 1 1 1017.67
c 224 1 1 1017.67
c 223 1 1 1017.67
c 222 1 1 1017.67
c 221 1 1 1017.67
c 220 1 1 1017.67
c 219 1 1 1017.67
c 218 1 1 1017.67
c 384 1 1 1001.01
c 363 1 1 1001.01
c 356 1 1 1001.01
c 346 1 1 1001.01
c 341 1 1 1001.01
c 340 1 1 1001.01
c 339 1 1 1001.01
c 333 1 1 1001.01
c 332 1 1 1001.01
c 331 1 1 1001.01
c 327 1 1 1001.01
c 321 1 1 1001.01
c 320 1 1 1001.01
c 319 1 1 1001.01
c 318 1 1 1001.01
c 317 1 1 1001.01
c 316 1 1 1001.01
c 310 1 1 1001.01
c 305 1 1 1001.01
c 304 1 1 1001.01
c 303 1 1 1001.01
c 298 1 1 1001.01
c 297 1 1 1001.01
c 296 1 1 1001.01
c 290 1 1 1001.01
c 285 1 1 1001.01
c 284 1 1 1001.01
c 283 1 1 1001.01
c 277 1 1 1001.01
c 276 1 1 1001.01
c 275 1 1 1001.01
c 274 1 1 1001.01
c 273 1 1 1001.01
c 272 1 1 1001.01
c 266 1 1 1001.01
c 265 1 1 1001.01
c 264 1 1 1001.01
c 263 1 1 1001.01
c 262 1 1 1001.01
c 261 1 1 1001.01
c 255 1 1 1001.01
c 254 1 1 1001.01
c 253 1 1 1001.01
c 252 1 1 1001.01
c 251 1 1 1001.01
c 250 1 1 1001.01
c 243 1 1 1001.01
c 242 1 1 1001.01
c 241 1 1 1001.01
c 240 1 1 1001.01
c 239 1 1 1001.01
c 238 1 1 1001.01
c 237 1 1 1001.01
c 236 1 1 1001.01
c 235 1 1 1001.01
c 234 1 1 1001.01
c 227 1 1 1001.01
c 226 1 1 1001.01
c 225 1 1 1001.01
c 224 1 1 1001.01
c 223 1 1 1001.01
c 222 1 1 1001.01
c 221 1 1 1001.01
c 220 1 1 1001.01
c 219 1 1 1001.01
c 218 1 1 1001.01
e 218 1 1 997.302
e 219 1 1 997.302
e 220 1 1 997.302
e 221 1 1 997.302
e 222 1 1 997.302
e 223 1 1 997.302
e 224 1 1 997.302
e 225 1 1 997.302
e 226 1 1 997.302
e 227 1 1 997.302
c 384 1 1 991.16
c 363 1 1 991.16
c 356 1 1 991.16
c 346 1 1 991.16
c 341 1 1 991.16
c 340 1 1 991.16
c 339 1 1 991.16
c 333 1 1 991.16
c 332 1 1 991.16
c 331 1 1 991.16
c 327 1 1 991.16
c 321 1 1 991.16
c 320 1 1 991.16
c 319 1 1 991.16
c 318 1 1 991.16
c 317 1 1 991.16
c 316 1 1 991.16
c 310 1 1 991.16
c 305 1 1 991.16
c 304 1 1 991.16
c 303 1 1 991.16
c 298 1 1 991.16
c 297 1 1 991.16
c 296 1 1 991.16
c 290 1 1 991.16
c 285 1 1 991.16
c 284 1 1 991.16
c 283 1 1 991.16
c 277 1 1 991.16
c 276 1 1 991.16
c 275 1 1 991.16
c 274 1 1 991.16
c 273 1 1 991.16
c 272 1 1 991.16
c 266 1 1 991.16
c 265 1 1 991.16
c 264 1 1 991.16
c 263 1 1 991.16
c 262 1 1 991.16
c 261 1 1 991.16
c 255 1 1 991.16
c 254 1 1 991.16
c 253 1 1 991.16
c 252 1 1 991.16
c 251 1 1 991.16
c 250 1 1 991.16
c 243 1 1 991.16
c 242 1 1 991.16
c 241 1 1 991.16
c 240 1 1 991.16
c 239 1 1 991.16
c 238 1 1 991.16
c 237 1 1 991.16
c 236 1 1 991.16
c 235 1 1 991.16
c 234 1 1 991.16
e 243 1 5 985.018
e 242 1 5 985.018
e 241 1 5 985.018
e 240 1 5 985.018
e 239 1 5 985.018
e 238 1 5 985.018
e 237 1 5 985.018
e 236 1 5 985.018
e 235 1 5 985.018
e 234 1 5 985.018
s 496 4 5 985.018 3
c 496 4.5 4.5 984.857
s 495 1 4 985.018 3
c 495 1 1 984.857
s 494 4 5 985.018 3
c 494 4.5 4.5 984.857
s 493 1 4 985.018 3
c 493 1 1 984.857
s 492 4 5 985.018 3
c 492 4.5 4.5 984.857
c 384 1 1 984.857
c 363 1 1 984.857
c 356 1 1 984.857
c 346 1 1 984.857
c 341 1 1 984.857
c 340 1 1 984.857
c 339 1 1 984.857
c 333 1 1 984.857
c 332 1 1 984.857
c 331 1 1 984.857
c 327 1 1 984.857
c 321 1 1 984.857
c 320 1 1 984.857
c 319 1 1 984.857
c 318 1 1 984.857
c 317 1 1 984.857
c 316 1 1 984.857
c 310 1 1 984.857
c 305 1 1 984.857
c 304 1 1 984.857
c 303 1 1 984.857
c 298 1 1 984.857
c 297 1 1 984.857
c 296 1 1 984.857
c 290 1 1 984.857
c 285 1 1 984.857
c 284 1 1 984.857
c 283 1 1 984.857
c 277 1 1 984.857
c 276 1 1 984.857
c 275 1 1 984.857
c 274 1 1 984.857
c 273 1 1 984.857
c 272 1 1 984.857
c 266 1 1 984.857
c 265 1 1 984.857
c 264 1 1 984.857
c 263 1 1 984.857
c 262 1 1 984.857
c 261 1 1 984.857
c 255 1 1 984.857
c 254 1 1 984.857
c 253 1 1 984.857
c 252 1 1 984.857
c 251 1 1 984.857
c 250 1 1 984.857
s 491 1 4 985.018 3
c 491 1 1 984.857
s 490 4 5 985.018 3
c 490 4.5 4.5 984.857
s 489 1 4 985.018 3
c 489 1 1 984.857
s 488 4 5 985.018 3
c 488 4.5 4.5 984.857
s 487 1 4 985.018 3
c 487 1 1 984.857
s 486 4 5 985.018 3
c 486 4.5 4.5 984.857
s 485 1 4 985.018 3
c 485 1 1 984.857
s 484 4 5 985.018 3
c 484 4.5 4.5 984.857
s 483 1 4 985.018 3
c 483 1 1 984.857
s 482 4 5 985.018 3
c 482 4.5 4.5 984.857
s 481 1 4 985.018 3
c 481 1 1 984.857
s 480 4 5 985.018 3
c 480 4.5 4.5 984.857
s 479 1 4 985.018 3
c 479 1 1 984.857
s 478 4 5 985.018 3
c 478 4.5 4.5 984.857
s 477 1 4 985.018 3
c 477 1 1 984.857
e 496 5 5 984.696
e 494 5 5 984.696
e 492 5 5 984.696
e 490 5 5 984.696
e 488 5 5 984.696
e 486 5 5 984.696
e 484 5 5 984.696
e 482 5 5 984.696
e 480 5 5 984.696
e 478 5 5 984.696
c 495 1 1 971.248
c 493 1 1 971.248
c 384 1 1 971.248
c 363 1 1 971.248
c 356 1 1 971.248
c 346 1 1 971.248
c 341 1 1 971.248
c 340 1 1 971.248
c 339 1 1 971.248
c 333 1 1 971.248
c 332 1 1 971.248
c 331 1 1 971.248
c 327 1 1 971.248
c 321 1 1 971.248
c 320 1 1 971.248
c 319 1 1 971.248
c 318 1 1 971.248
c 317 1 1 971.248
c 316 1 1 971.248
c 310 1 1 971.248
c 305 1 1 971.248
c 304 1 1 971.248
c 303 1 1 971.248
c 298 1 1 971.248
c 297 1 1 971.248
c 296 1 1 971.248
c 290 1 1 971.248
c 285 1 1 971.248
c 284 1 1 971.248
c 283 1 1 971.248
c 277 1 1 971.248
c 276 1 1 971.248
c 275 1 1 971.248
c 274 1 1 971.248
c 273 1 1 971.248
c 272 1 1 971.248
c 266 1 1 971.248
c 265 1 1 971.248
c 264 1 1 971.248
c 263 1 1 971.248
c 262 1 1 971.248
c 261 1 1 971.248
c 255 1 1 971.248
c 254 1 1 971.248
c 253 1 1 971.248
c 252 1 1 971.248
c 251 1 1 971.248
c 250 1 1 971.248
c 491 1 1 971.248
c 489 1 1 971.248
c 487 1 1 971.248
c 485 1 1 971.248
c 483 1 1 971.248
c 481 1 1 971.248
c 479 1 1 971.248
c 477 1 1 971.248
e 477 1 1 957.801
e 479 1 1 957.801
e 481 1 1 957.801
e 483 1 1 957.801
e 485 1 1 957.801
e 487 1 1 957.801
e 489 1 1 957.801
e 491 1 1 957.801
e 493 1 1 957.801
e 495 1 1 957.801
c 384 1 1 954.349
c 363 1 1 954.349
c 356 1 1 954.349
c 346 1 1 954.349
c 341 1 1 954.349
c 340 1 1 954.349
c 339 1 1 954.349
c 333 1 1 954.349
c 332 1 1 954.349
c 331 1 1 954.349
c 327 1 1 954.349
c 321 1 1 954.349
c 320 1 1 954.349
c 319 1 1 954.349
c 318 1 1 954.349
c 317 1 1 954.349
c 316 1 1 954.349
c 310 1 1 954.349
c 305 1 1 954.349
c 304 1 1 954.349
c 303 1 1 954.349
c 298 1 1 954.349
c 297 1 1 954.349
c 296 1 1 954.349
c 290 1 1 954.349
c 285 1 1 954.349
c 284 1 1 954.349
c 283 1 1 954.349
c 277 1 1 954.349
c 276 1 1 954.349
c 275 1 1 954.349
c 274 1 1 954.349
c 273 1 1 954.349
c 272 1 1 954.349
c 266 1 1 954.349
c 265 1 1 954.349
c 264 1 1 954.349
c 263 1 1 954.349
c 262 1 1 954.349
c 261 1 1 954.349
c 255 1 1 954.349
c 254 1 1 954.349
c 253 1 1 954.349
c 252 1 1 954.349
c 251 1 1 954.349
c 250 1 1 954.349
c 384 1 1 933.885
c 363 1 1 933.885
c 356 1 1 933.885
c 346 1 1 933.885
c 341 1 1 933.885
c 340 1 1 933.885
c 339 1 1 933.885
c 333 1 1 933.885
c 332 1 1 933.885
c 331 1 1 933.885
c 327 1 1 933.885
c 321 1 1 933.885
c 320 1 1 933.885
c 319 1 1 933.885
c 318 1 1 933.885
c 317 1 1 933.885
c 316 1 1 933.885
c 310 1 1 933.885
c 305 1 1 933.885
c 304 1 1 933.885
c 303 1 1 933.885
c 298 1 1 933.885
c 297 1 1 933.885
c 296 1 1 933.885
c 290 1 1 933.885
c 285 1 1 933.885
c 284 1 1 933.885
c 283 1 1 933.885
c 277 1.77319 1.77319 933.885
c 276 1.77319 1.77319 933.885
c 275 1.77319 1.77319 933.885
c 274 1.77319 1.77319 933.885
c 273 1.77319 1.77319 933.885
c 272 1.77319 1.77319 933.885
c 266 1 1 933.885
c 265 1 1 933.885
c 264 1 1 933.885
c 263 1 1 933.885
c 262 1 1 933.885
c 261 1 1 933.885
c 255 1 1 933.885
c 254 1 1 933.885
c 253 1 1 933.885
c 252 1 1 933.885
c 251 1 1 933.885
c 250 1 1 933.885
c 384 1 1 909.623
c 363 1 1 909.623
c 356 1 1 909.623
c 346 1 1 909.623
c 341 1 1 909.623
c 340 1 1 909.623
c 339 1 1 909.623
c 333 1 1 909.623
c 332 1 1 909.623
c 331 1 1 909.623
c 327 1 1 909.623
c 321 1 1 909.623
c 320 1 1 909.623
c 319 1 1 909.623
c 318 1 1 909.623
c 317 1 1 909.623
c 316 1 1 909.623
c 310 1 1 909.623
c 305 1 1 909.623
c 304 1 1 909.623
c 303 1 1 909.623
c 298 1 1 909.623
c 297 1 1 909.623
c 296 1 1 909.623
c 290 1 1 909.623
c 285 1 1 909.623
c 284 1 1 909.623
c 283 1 1 909.623
c 277 2.92783 2.92783 909.623
c 276 2.92783 2.92783 909.623
c 275 2.92783 2.92783 909.623
c 274 2.92783 2.92783 909.623
c 273 2.92783 2.92783 909.623
c 272 2.92783 2.92783 909.623
c 266 1 1 909.623
c 265 1 1 909.623
c 264 1 1 909.623
c 263 1 1 909.623
c 262 1 1 909.623
c 261 1 1 909.623
c 255 1 1 909.623
c 254 1 1 909.623
c 253 1 1 909.623
c 252 1 1 909.623
c 251 1 1 909.623
c 250 1 1 909.623
c 384 1 1 890.087
c 363 1 1 890.087
c 356 1 1 890.087
c 346 1 1 890.087
c 341 1 1 890.087
c 340 1 1 890.087
c 339 1 1 890.087
c 333 1 1 890.087
c 332 1 1 890.087
c 331 1 1 890.087
c 327 1 1 890.087
c 321 1 1 890.087
c 320 1 1 890.087
c 319 1 1 890.087
c 318 1 1 890.087
c 317 1 1 890.087
c 316 1 1 890.087
c 310 1 1 890.087
c 305 1 1 890.087
c 304 1 1 890.087
c 303 1 1 890.087
c 298 1 1 890.087
c 297 1 1 890.087
c 296 1 1 890.087
c 290 1 1 890.087
c 285 1 1 890.087
c 284 1 1 890.087
c 283 1 1 890.087
c 277 3.90403 3.90403 890.087
c 276 3.90403 3.90403 890.087
c 275 3.90403 3.90403 890.087
c 274 3.90403 3.90403 890.087
c 273 3.90403 3.90403 890.087
c 272 3.90403 3.90403 890.087
c 266 1 1 890.087
c 265 1 1 890.087
c 264 1 1 890.087
c 263 1 1 890.087
c 262 1 1 890.087
c 261 1 1 890.087
c 255 1 1 890.087
c 254 1 1 890.087
c 253 1 1 890.087
c 252 1 1 890.087
c 251 1 1 890.087
c 250 1 1 890.087
c 384 1 1 876.873
c 363 1 1 876.873
c 356 1 1 876.873
c 346 1 1 876.873
c 341 1 1 876.873
c 340 1 1 876.873
c 339 1 1 876.873
c 333 1 1 876.873
c 332 1 1 876.873
c 331 1 1 876.873
c 327 1 1 876.873
c 321 1 1 876.873
c 320 1 1 876.873
c 319 1 1 876.873
c 318 1 1 876.873
c 317 1 1 876.873
c 316 1 1 876.873
c 310 1 1 876.873
c 305 1 1 876.873
c 304 1 1 876.873
c 303 1 1 876.873
c 298 1 1 876.873
c 297 1 1 876.873
c 296 1 1 876.873
c 290 1 1 876.873
c 285 1 1 876.873
c 284 1 1 876.873
c 283 1 1 876.873
c 277 4.61487 4.61487 876.873
c 276 4.61487 4.61487 876.873
c 275 4.61487 4.61487 876.873
c 274 4.61487 4.61487 876.873
c 273 4.61487 4.61487 876.873
c 272 4.61487 4.61487 876.873
c 266 1 1 876.873
c 265 1 1 876.873
c 264 1 1 876.873
c 263 1 1 876.873
c 262 1 1 876.873
c 261 1 1 876.873
c 255 1 1 876.873
c 254 1 1 876.873
c 253 1 1 876.873
c 252 1 1 876.873
c 251 1 1 876.873
c 250 1 1 876.873
c 384 1 1 874.38
c 363 1 1 874.38
c 356 1 1 874.38
c 346 1 1 874.38
c 341 1 1 874.38
c 340 1 1 874.38
c 339 1 1 874.38
c 333 1 1 874.38
c 332 1 1 874.38
c 331 1 1 874.38
c 327 1 1 874.38
c 321 1 1 874.38
c 320 1 1 874.38
c 319 1 1 874.38
c 318 1 1 874.38
c 317 1 1 874.38
c 316 1 1 874.38
c 310 1 1 874.38
c 305 1 1 874.38
c 304 1 1 874.38
c 303 1 1 874.38
c 298 1 1 874.38
c 297 1 1 874.38
c 296 1 1 874.38
c 290 1 1 874.38
c 285 1 1 874.38
c 284 1 1 874.38
c 283 1 1 874.38
c 277 4.75052 4.75052 874.38
c 276 4.75052 4.75052 874.38
c 275 4.75052 4.75052 874.38
c 274 4.75052 4.75052 874.38
c 273 4.75052 4.75052 874.38
c 272 4.75052 4.75052 874.38
c 266 1 1 874.38
c 265 1 1 874.38
c 264 1 1 874.38
c 263 1 1 874.38
c 262 1 1 874.38
c 261 1 1 874.38
c 255 1 1 874.38
c 254 1 1 874.38
c 253 1 1 874.38
c 252 1 1 874.38
c 251 1 1 874.38
c 250 1 1 874.38
e 250 1 1 872.815
e 251 1 1 872.815
e 252 1 1 872.815
e 253 1 1 872.815
e 254 1 1 872.815
e 255 1 1 872.815
c 384 1 1 871.305
c 363 1 1 871.305
c 356 1 1 871.305
c 346 1 1 871.305
c 341 1 1 871.305
c 340 1 1 871.305
c 339 1 1 871.305
c 333 1 1 871.305
c 332 1 1 871.305
c 331 1 1 871.305
c 327 1 1 871.305
c 321 1 1 871.305
c 320 1 1 871.305
c 319 1 1 871.305
c 318 1 1 871.305
c 317 1 1 871.305
c 316 1 1 871.305
c 310 1 1 871.305
c 305 1 1 871.305
c 304 1 1 871.305
c 303 1 1 871.305
c 298 1 1 871.305
c 297 1 1 871.305
c 296 1 1 871.305
c 290 1 1 871.305
c 285 1 1 871.305
c 284 1 1 871.305
c 283 1 1 871.305
c 277 4.91784 4.91784 871.305
c 276 4.91784 4.91784 871.305
c 275 4.91784 4.91784 871.305
c 274 4.91784 4.91784 871.305
c 273 4.91784 4.91784 871.305
c 272 4.91784 4.91784 871.305
c 266 1 1 871.305
c 265 1 1 871.305
c 264 1 1 871.305
c 263 1 1 871.305
c 262 1 1 871.305
c 261 1 1 871.305
e 272 5 5 869.795
e 273 5 5 869.795
e 274 5 5 869.795
e 275 5 5 869.795
e 276 5 5 869.795
e 277 5 5 869.795
c 384 1 1 863.607
c 363 1 1 863.607
c 356 1 1 863.607
c 346 1 1 863.607
c 341 1 1 863.607
c 340 1 1 863.607
c 339 1 1 863.607
c 333 1 1 863.607
c 332 1 1 863.607
c 331 1 1 863.607
c 327 1 1 863.607
c 321 1 1 863.607
c 320 1 1 863.607
c 319 1 1 863.607
c 318 1 1 863.607
c 317 1 1 863.607
c 316 1 1 863.607
c 310 1 1 863.607
c 305 1 1 863.607
c 304 1 1 863.607
c 303 1 1 863.607
c 298 1 1 863.607
c 297 1 1 863.607
c 296 1 1 863.607
c 290 1 1 863.607
c 285 1 1 863.607
c 284 1 1 863.607
c 283 1 1 863.607
c 266 1 1 863.607
c 265 1 1 863.607
c 264 1 1 863.607
c 263 1 1 863.607
c 262 1 1 863.607
c 261 1 1 863.607
e 261 1 1 857.42
e 262 1 1 857.42
e 263 1 1 857.42
e 264 1 1 857.42
e 265 1 1 857.42
e 266 1 1 857.42
c 384 1 1 843.268
c 363 1 1 843.268
c 356 1 1 843.268
c 346 1 1 843.268
c 341 1 1 843.268
c 340 1 1 843.268
c 339 1 1 843.268
c 333 1 1 843.268
c 332 1 1 843.268
c 331 1 1 843.268
c 327 1 1 843.268
c 321 1 1 843.268
c 320 1 1 843.268
c 319 1 1 843.268
c 318 1 1 843.268
c 317 1 1 843.268
c 316 1 1 843.268
c 310 1 1 843.268
c 305 1 1 843.268
c 304 1 1 843.268
c 303 1 1 843.268
c 298 1 1 843.268
c 297 1 1 843.268
c 296 1 1 843.268
c 290 1 1 843.268
c 285 1 1 843.268
c 284 1 1 843.268
c 283 1 1 843.268
c 384 1 1 826.716
c 363 1 1 826.716
c 356 1 1 826.716
c 346 1 1 826.716
c 341 1 1 826.716
c 340 1 1 826.716
c 339 1 1 826.716
c 333 1 1 826.716
c 332 1 1 826.716
c 331 1 1 826.716
c 327 1 1 826.716
c 321 1 1 826.716
c 320 1 1 826.716
c 319 1 1 826.716
c 318 1 1 826.716
c 317 1 1 826.716
c 316 1 1 826.716
c 310 1 1 826.716
c 305 1 1 826.716
c 304 1 1 826.716
c 303 1 1 826.716
c 298 1 1 826.716
c 297 1 1 826.716
c 296 1 1 826.716
c 290 1 1 826.716
c 285 1 1 826.716
c 284 1 1 826.716
c 283 1 1 826.716
c 384 1 1 811.403
c 363 1 1 811.403
c 356 1 1 811.403
c 346 1 1 811.403
c 341 1 1 811.403
c 340 1 1 811.403
c 339 1 1 811.403
c 333 1 1 811.403
c 332 1 1 811.403
c 331 1 1 811.403
c 327 1 1 811.403
c 321 1 1 811.403
c 320 1 1 811.403
c 319 1 1 811.403
c 318 1 1 811.403
c 317 1 1 811.403
c 316 1 1 811.403
c 310 1 1 811.403
c 305 1 1 811.403
c 304 1 1 811.403
c 303 1 1 811.403
c 298 1 1 811.403
c 297 1 1 811.403
c 296 1 1 811.403
c 290 1 1 811.403
c 285 1 1 811.403
c 284 1 1 811.403
c 283 1 1 811.403
c 384 1 1 789.364
c 363 1 1 789.364
c 356 1 1 789.364
c 346 1 1 789.364
c 341 1 1 789.364
c 340 1 1 789.364
c 339 1 1 789.364
c 333 1 1 789.364
c 332 1 1 789.364
c 331 1 1 789.364
c 327 1 1 789.364
c 321 1 1 789.364
c 320 1 1 789.364
c 319 1 1 789.364
c 318 1 1 789.364
c 317 1 1 789.364
c 316 1 1 789.364
c 310 1 1 789.364
c 305 1.56225 1.56225 789.364
c 304 1.56225 1.56225 789.364
c 303 1.56225 1.56225 789.364
c 298 1 1 789.364
c 297 1 1 789.364
c 296 1 1 789.364
c 290 1 1 789.364
c 285 1 1 789.364
c 284 1 1 789.364
c 283 1 1 789.364
c 384 1 1 779.743
c 363 1 1 779.743
c 356 1 1 779.743
c 346 1 1 779.743
c 341 1 1 779.743
c 340 1 1 779.743
c 339 1 1 779.743
c 333 1 1 779.743
c 332 1 1 779.743
c 331 1 1 779.743
c 327 1 1 779.743
c 321 1 1 779.743
c 320 1 1 779.743
c 319 1 1 779.743
c 318 1 1 779.743
c 317 1 1 779.743
c 316 1 1 779.743
c 310 1 1 779.743
c 305 2.15784 2.15784 779.743
c 304 2.15784 2.15784 779.743
c 303 2.15784 2.15784 779.743
c 298 1 1 779.743
c 297 1 1 779.743
c 296 1 1 779.743
c 290 1 1 779.743
c 285 1 1 779.743
c 284 1 1 779.743
c 283 1 1 779.743
c 384 1 1 773.729
c 363 1 1 773.729
c 356 1 1 773.729
c 346 1 1 773.729
c 341 1 1 773.729
c 340 1 1 773.729
c 339 1 1 773.729
c 333 1 1 773.729
c 332 1 1 773.729
c 331 1 1 773.729
c 327 1 1 773.729
c 321 1 1 773.729
c 320 1 1 773.729
c 319 1 1 773.729
c 318 1 1 773.729
c 317 1 1 773.729
c 316 1 1 773.729
c 310 1 1 773.729
c 305 2.53498 2.53498 773.729
c 304 2.53498 2.53498 773.729
c 303 2.53498 2.53498 773.729
c 298 1 1 773.729
c 297 1 1 773.729
c 296 1 1 773.729
c 290 1 1 773.729
c 285 1 1 773.729
c 284 1 1 773.729
c 283 1 1 773.729
c 384 1 1 765.131
c 363 1 1 765.131
c 356 1 1 765.131
c 346 1 1 765.131
c 341 1 1 765.131
c 340 1 1 765.131
c 339 1 1 765.131
c 333 1 1 765.131
c 332 1 1 765.131
c 331 1 1 765.131
c 327 1 1 765.131
c 321 1 1 765.131
c 320 1 1 765.131
c 319 1 1 765.131
c 318 1 1 765.131
c 317 1 1 765.131
c 316 1 1 765.131
c 310 1 1 765.131
c 305 3.07331 3.07331 765.131
c 304 3.07331 3.07331 765.131
c 303 3.07331 3.07331 765.131
c 298 1 1 765.131
c 297 1 1 765.131
c 296 1 1 765.131
c 290 1 1 765.131
c 285 1 1 765.131
c 284 1 1 765.131
c 283 1 1 765.131
e 283 1 1 762.051
e 284 1 1 762.051
e 285 1 1 762.051
c 384 1 1 760
c 363 1 1 760
c 356 1 1 760
c 346 1 1 760
c 341 1 1 760
c 340 1 1 760
c 339 1 1 760
c 333 1 1 760
c 332 1 1 760
c 331 1 1 760
c 327 1 1 760
c 321 1 1 760
c 320 1 1 760
c 319 1 1 760
c 318 1 1 760
c 317 1 1 760
c 316 1 1 760
c 310 1 1 760
c 305 3.39133 3.39133 760
c 304 3.39133 3.39133 760
c 303 3.39133 3.39133 760
c 298 1 1 760
c 297 1 1 760
c 296 1 1 760
c 290 1 1 760
e 290 1 1 757.949
c 384 1 1 757.315
c 363 1 1 757.315
c 356 1 1 757.315
c 346 1 1 757.315
c 341 1 1 757.315
c 340 1 1 757.315
c 339 1 1 757.315
c 333 1 1 757.315
c 332 1 1 757.315
c 331 1 1 757.315
c 327 1 1 757.315
c 321 1 1 757.315
c 320 1 1 757.315
c 319 1 1 757.315
c 318 1 1 757.315
c 317 1 1 757.315
c 316 1 1 757.315
c 310 1 1 757.315
c 305 3.55769 3.55769 757.315
c 304 3.55769 3.55769 757.315
c 303 3.55769 3.55769 757.315
c 298 1 1 757.315
c 297 1 1 757.315
c 296 1 1 757.315
c 384 1 1 753.973
c 363 1 1 753.973
c 356 1 1 753.973
c 346 1 1 753.973
c 341 1 1 753.973
c 340 1 1 753.973
c 339 1 1 753.973
c 333 1 1 753.973
c 332 1 1 753.973
c 331 1 1 753.973
c 327 1 1 753.973
c 321 1 1 753.973
c 320 1 1 753.973
c 319 1 1 753.973
c 318 1 1 753.973
c 317 1 1 753.973
c 316 1 1 753.973
c 310 1 1 753.973
c 305 3.76479 3.76479 753.973
c 304 3.76479 3.76479 753.973
c 303 3.76479 3.76479 753.973
c 298 1.39166 1.39166 753.973
c 297 1.39166 1.39166 753.973
c 296 1.39166 1.39166 753.973
c 384 1 1 747.407
c 363 1 1 747.407
c 356 1 1 747.407
c 346 1 1 747.407
c 341 1 1 747.407
c 340 1 1 747.407
c 339 1 1 747.407
c 333 1 1 747.407
c 332 1 1 747.407
c 331 1 1 747.407
c 327 1 1 747.407
c 321 1 1 747.407
c 320 1 1 747.407
c 319 1 1 747.407
c 318 1 1 747.407
c 317 1 1 747.407
c 316 1 1 747.407
c 310 1 1 747.407
c 305 4.17477 4.17477 747.407
c 304 4.17477 4.17477 747.407
c 303 4.17477 4.17477 747.407
c 298 2.49283 2.49283 747.407
c 297 2.49283 2.49283 747.407
c 296 2.49283 2.49283 747.407
c 384 1 1 742.914
c 363 1 1 742.914
c 356 1 1 742.914
c 346 1 1 742.914
c 341 1 1 742.914
c 340 1 1 742.914
c 339 1 1 742.914
c 333 1 1 742.914
c 332 1 1 742.914
c 331 1 1 742.914
c 327 1 1 742.914
c 321 1 1 742.914
c 320 1 1 742.914
c 319 1 1 742.914
c 318 1 1 742.914
c 317 1 1 742.914
c 316 1 1 742.914
c 310 1 1 742.914
c 305 4.45823 4.45823 742.914
c 304 4.45823 4.45823 742.914
c 303 4.45823 4.45823 742.914
c 298 3.79579 3.79579 742.914
c 297 3.79579 3.79579 742.914
c 296 3.79579 3.79579 742.914
c 384 1 1 742.225
c 363 1 1 742.225
c 356 1 1 742.225
c 346 1 1 742.225
c 341 1 1 742.225
c 340 1 1 742.225
c 339 1 1 742.225
c 333 1 1 742.225
c 332 1 1 742.225
c 331 1 1 742.225
c 327 1 1 742.225
c 321 1 1 742.225
c 320 1 1 742.225
c 319 1 1 742.225
c 318 1 1 742.225
c 317 1 1 742.225
c 316 1 1 742.225
c 310 1 1 742.225
c 305 4.50171 4.50171 742.225
c 304 4.50171 4.50171 742.225
c 303 4.50171 4.50171 742.225
c 298 4.74917 4.74917 742.225
c 297 4.74917 4.74917 742.225
c 296 4.74917 4.74917 742.225
e 296 5 5 742.172
e 297 5 5 742.172
e 298 5 5 742.172
c 384 1 1 738.25
c 363 1 1 738.25
c 356 1 1 738.25
c 346 1 1 738.25
c 341 1 1 738.25
c 340 1 1 738.25
c 339 1 1 738.25
c 333 1 1 738.25
c 332 1 1 738.25
c 331 1 1 738.25
c 327 1 1 738.25
c 321 1 1 738.25
c 320 1 1 738.25
c 319 1 1 738.25
c 318 1 1 738.25
c 317 1 1 738.25
c 316 1 1 738.25
c 310 1 1 738.25
c 305 4.75253 4.75253 738.25
c 304 4.75253 4.75253 738.25
c 303 4.75253 4.75253 738.25
e 303 5 5 734.327
e 304 5 5 734.327
e 305 5 5 734.327
c 384 1 1 713.025
c 363 1 1 713.025
c 356 1 1 713.025
c 346 1 1 713.025
c 341 1 1 713.025
c 340 1 1 713.025
c 339 1 1 713.025
c 333 1 1 713.025
c 332 1 1 713.025
c 331 1 1 713.025
c 327 1 1 713.025
c 321 1 1 713.025
c 320 1 1 713.025
c 319 1 1 713.025
c 318 1 1 713.025
c 317 1 1 713.025
c 316 1 1 713.025
c 310 1 1 713.025
c 384 1 1 676.788
c 363 1 1 676.788
c 356 1 1 676.788
c 346 1 1 676.788
c 341 1 1 676.788
c 340 1 1 676.788
c 339 1 1 676.788
c 333 1 1 676.788
c 332 1 1 676.788
c 331 1 1 676.788
c 327 1 1 676.788
c 321 1 1 676.788
c 320 1 1 676.788
c 319 1 1 676.788
c 318 1 1 676.788
c 317 1 1 676.788
c 316 1 1 676.788
c 310 1 1 676.788
c 384 1 1 658.756
c 363 1 1 658.756
c 356 1 1 658.756
c 346 1 1 658.756
c 341 1 1 658.756
c 340 1 1 658.756
c 339 1 1 658.756
c 333 1 1 658.756
c 332 1 1 658.756
c 331 1 1 658.756
c 327 1 1 658.756
c 321 1 1 658.756
c 320 1 1 658.756
c 319 1 1 658.756
c 318 1 1 658.756
c 317 1 1 658.756
c 316 1 1 658.756
c 310 1.72755 1.72755 658.756
c 384 1 1 654.531
c 363 1 1 654.531
c 356 1 1 654.531
c 346 1 1 654.531
c 341 1 1 654.531
c 340 1 1 654.531
c 339 1 1 654.531
c 333 1 1 654.531
c 332 1 1 654.531
c 331 1 1 654.531
c 327 1 1 654.531
c 321 1 1 654.531
c 320 1 1 654.531
c 319 1 1 654.531
c 318 1 1 654.531
c 317 1 1 654.531
c 316 1 1 654.531
c 310 3.38274 3.38274 654.531
e 310 4.57437 4.57437 653.404
c 384 1 1 653.261
c 363 1 1 653.261
c 356 1 1 653.261
c 346 1 1 653.261
c 341 1 1 653.261
c 340 1 1 653.261
c 339 1 1 653.261
c 333 1 1 653.261
c 332 1 1 653.261
c 331 1 1 653.261
c 327 1 1 653.261
c 321 1 1 653.261
c 320 1 1 653.261
c 319 1 1 653.261
c 318 1 1 653.261
c 317 1 1 653.261
c 316 1 1 653.261
c 384 1 1 651.902
c 363 1 1 651.902
c 356 1 1 651.902
c 346 1 1 651.902
c 341 1 1 651.902
c 340 1 1 651.902
c 339 1 1 651.902
c 333 1 1 651.902
c 332 1 1 651.902
c 331 1 1 651.902
c 327 1 1 651.902
c 321 1 1 651.902
c 320 1 1 651.902
c 319 1 1 651.902
c 318 1 1 651.902
c 317 1 1 651.902
c 316 1 1 651.902
c 384 1 1 649.181
c 363 1 1 649.181
c 356 1 1 649.181
c 346 1 1 649.181
c 341 1 1 649.181
c 340 1 1 649.181
c 339 1 1 649.181
c 333 1 1 649.181
c 332 1 1 649.181
c 331 1 1 649.181
c 327 1 1 649.181
c 321 1 1 649.181
c 320 1 1 649.181
c 319 1 1 649.181
c 318 1 1 649.181
c 317 1 1 649.181
c 316 1 1 649.181
c 384 1 1 642.974
c 363 1 1 642.974
c 356 1 1 642.974
c 346 1 1 642.974
c 341 1 1 642.974
c 340 1 1 642.974
c 339 1 1 642.974
c 333 1 1 642.974
c 332 1 1 642.974
c 331 1 1 642.974
c 327 1 1 642.974
c 321 1 1 642.974
c 320 1 1 642.974
c 319 1 1 642.974
c 318 1 1 642.974
c 317 1 1 642.974
c 316 1 1 642.974
c 384 1 1 624.865
c 363 1 1 624.865
c 356 1 1 624.865
c 346 1 1 624.865
c 341 1 1 624.865
c 340 1 1 624.865
c 339 1 1 624.865
c 333 1 1 624.865
c 332 1 1 624.865
c 331 1 1 624.865
c 327 1 1 624.865
c 321 1 1 624.865
c 320 1 1 624.865
c 319 1 1 624.865
c 318 1 1 624.865
c 317 1 1 624.865
c 316 1 1 624.865
c 384 1 1 610.948
c 363 1 1 610.948
c 356 1 1 610.948
c 346 1 1 610.948
c 341 1 1 610.948
c 340 1 1 610.948
c 339 1 1 610.948
c 333 1 1 610.948
c 332 1 1 610.948
c 331 1 1 610.948
c 327 1 1 610.948
c 321 1 1 610.948
c 320 1 1 610.948
c 319 1 1 610.948
c 318 1 1 610.948
c 317 1 1 610.948
c 316 1 1 610.948
c 384 1 1 610.119
c 363 1 1 610.119
c 356 1 1 610.119
c 346 1 1 610.119
c 341 1 1 610.119
c 340 1 1 610.119
c 339 1 1 610.119
c 333 1 1 610.119
c 332 1 1 610.119
c 331 1 1 610.119
c 327 1 1 610.119
c 321 1 1 610.119
c 320 1 1 610.119
c 319 1 1 610.119
c 318 1 1 610.119
c 317 1 1 610.119
c 316 1 1 610.119
c 384 1 1 608.627
c 363 1 1 608.627
c 356 1 1 608.627
c 346 1 1 608.627
c 341 1 1 608.627
c 340 1 1 608.627
c 339 1 1 608.627
c 333 1 1 608.627
c 332 1 1 608.627
c 331 1 1 608.627
c 327 1 1 608.627
c 321 1 1 608.627
c 320 1 1 608.627
c 319 1 1 608.627
c 318 1 1 608.627
c 317 1 1 608.627
c 316 1 1 608.627
c 384 1 1 606.061
c 363 1 1 606.061
c 356 1 1 606.061
c 346 1 1 606.061
c 341 1 1 606.061
c 340 1 1 606.061
c 339 1 1 606.061
c 333 1 1 606.061
c 332 1 1 606.061
c 331 1 1 606.061
c 327 1 1 606.061
c 321 1 1 606.061
c 320 1 1 606.061
c 319 1 1 606.061
c 318 1 1 606.061
c 317 1 1 606.061
c 316 1 1 606.061
c 384 1 1 603.611
c 363 1 1 603.611
c 356 1 1 603.611
c 346 1 1 603.611
c 341 1 1 603.611
c 340 1 1 603.611
c 339 1 1 603.611
c 333 1 1 603.611
c 332 1 1 603.611
c 331 1 1 603.611
c 327 1 1 603.611
c 321 1 1 603.611
c 320 1 1 603.611
c 319 1 1 603.611
c 318 1 1 603.611
c 317 1 1 603.611
c 316 1 1 603.611
e 318 1 1 602.554
e 320 1 1 602.554
e 321 1 1 602.554
e 331 1 1 602.554
e 332 1 1 602.554
e 333 1 1 602.554
c 384 1 1 600.554
c 363 1 1 600.554
c 356 1 1 600.554
c 346 1 1 600.554
c 341 1 1 600.554
c 340 1 1 600.554
c 339 1 1 600.554
c 327 1 1 600.554
c 319 1 1 600.554
c 317 1 1 600.554
c 316 1 1 600.554
e 327 1 1 598.554
c 384 1 1 595.984
c 363 1 1 595.984
c 356 1 1 595.984
c 346 1 1 595.984
c 341 1 1 595.984
c 340 1 1 595.984
c 339 1 1 595.984
c 319 1 1 595.984
c 317 1 1 595.984
c 316 1 1 595.984
c 384 1 1 585.2
c 363 1 1 585.2
c 356 1 1 585.2
c 346 1 1 585.2
c 341 1 1 585.2
c 340 1 1 585.2
c 339 1 1 585.2
c 319 1 1 585.2
c 317 1 1 585.2
c 316 1 1 585.2
c 384 1 1 575.95
c 363 1 1 575.95
c 356 1 1 575.95
c 346 1 1 575.95
c 341 1 1 575.95
c 340 1 1 575.95
c 339 1 1 575.95
c 319 1 1 575.95
c 317 1 1 575.95
c 316 1 1 575.95
c 384 1 1 562.814
c 363 1 1 562.814
c 356 1 1 562.814
c 346 1 1 562.814
c 341 1 1 562.814
c 340 1 1 562.814
c 339 1 1 562.814
c 319 1 1 562.814
c 317 1 1 562.814
c 316 1 1 562.814
e 340 1 5 550.714
e 341 1 5 550.714
e 339 1 5 550.714
s 586 3 5 550.714 3
c 586 3.28055 3.28055 549.761
s 585 1 3 550.714 3
c 585 1 1 549.761
s 583 3 5 550.714 3
c 583 3.28055 3.28055 549.761
s 582 1 3 550.714 3
c 582 1 1 549.761
s 581 3 5 550.714 3
c 581 3.28055 3.28055 549.761
s 580 1 3 550.714 3
c 580 1 1 549.761
c 384 1 1 549.761
c 363 1 1 549.761
c 356 1 1 549.761
c 346 1 1 549.761
c 319 1 1 549.761
c 317 1 1 549.761
c 316 1 1 549.761
e 316 1 1 548.808
e 317 1 1 548.808
e 319 1 1 548.808
c 586 3.65839 3.65839 548.478
c 585 1 1 548.478
c 583 3.65839 3.65839 548.478
c 582 1 1 548.478
c 581 3.65839 3.65839 548.478
c 580 1 1 548.478
c 384 1 1 548.478
c 363 1 1 548.478
c 356 1 1 548.478
c 346 1 1 548.478
e 580 1 1 548.147
e 582 1 1 548.147
e 585 1 1 548.147
c 586 4.45413 4.45413 543.209
c 583 4.45413 4.45413 543.209
c 581 4.45413 4.45413 543.209
c 384 1 1 543.209
c 363 1 1 543.209
c 356 1 1 543.209
c 346 1 1 543.209
e 586 5 5 538.271
e 581 5 5 538.271
e 583 5 5 538.271
c 384 1 1 531.808
c 363 1 1 531.808
c 356 1 1 531.808
c 346 1 1 531.808
e 346 1 5 525.346
s 611 4 5 525.346 3
c 611 4.5 4.5 525.194
s 610 1 4 525.346 3
c 610 1 1 525.194
c 384 1 1 525.194
c 363 1 1 525.194
c 356 1 1 525.194
e 611 5 5 525.041
c 610 1 1 524.41
c 384 1 1 524.41
c 363 1 1 524.41
c 356 1 1 524.41
e 610 1 1 523.779
c 384 1 1 523.38
c 363 1 1 523.38
c 356 1 1 523.38
c 384 1 1 520.564
c 363 1 1 520.564
c 356 1 1 520.564
c 384 1 1 516.407
c 363 1 1 516.407
c 356 1 1 516.407
c 384 1 1 514.575
c 363 1 1 514.575
c 356 1 1 514.575
c 384 1 1 514.146
c 363 1 1 514.146
c 356 1 1 514.146
c 384 1 1 513.572
c 363 1 1 513.572
c 356 1 1 513.572
c 384 1 1 512.614
c 363 1 1 512.614
c 356 1 1 512.614
c 384 1 1 511.035
c 363 1 1 511.035
c 356 1 1 511.035
c 384 1 1 507.799
c 363 1 1 507.799
c 356 1 1 507.799
c 384 1 1 498.378
c 363 1 1 498.378
c 356 1 1 498.378
c 384 1 1 487.612
c 363 1 1 487.612
c 356 1 1 487.612
e 356 1 5 483.891
s 641 3 5 483.891 3
c 641 3.24539 3.24539 483.121
s 640 1 3 483.891 3
c 640 1 1 483.121
c 384 1 1 483.121
c 363 1 1 483.121
e 640 1 1 482.351
c 641 4.13264 4.13264 479.769
c 384 1 1 479.769
c 363 1 1 479.769
c 641 4.49593 4.49593 477.073
c 384 1 1 477.073
c 363 1 1 477.073
c 641 4.67718 4.67718 475.728
c 384 1 1 475.728
c 363 1 1 475.728
c 641 4.92155 4.92155 473.915
c 384 1 1 473.915
c 363 1 1 473.915
e 641 5 5 473.333
c 384 1 1 472.418
c 363 1 1 472.418
c 384 1 1 470.994
c 363 1.02574 1.02574 470.994
c 384 1 1 469.215
c 363 1.11575 1.11575 469.215
c 384 1 1 467.524
c 363 1.2013 1.2013 467.524
c 384 1 1 466.933
c 363 1.23118 1.23118 466.933
c 384 1 1 462.822
c 363 1.43914 1.43914 462.822
c 384 1 1 448.588
s 383 5 5 458.881 0
c 383 4.06838 4.06838 448.588
c 363 2.16733 2.16733 448.588
c 384 1 1 436.737
c 383 3.02926 3.02926 436.737
c 363 2.79771 2.79771 436.737
c 384 1 1 431.593
c 383 2.531 2.531 431.593
c 363 3.07464 3.07464 431.593
c 384 1 1 426.91
c 383 2.07433 2.07433 426.91
c 363 3.33532 3.33532 426.91
c 384 1 1 421.357
c 383 1.48186 1.48186 421.357
c 363 3.64447 3.64447 421.357
e 383 1 5 416.901
s 667 1 5 416.901 0
c 667 1 1 416.864
c 384 1 1 416.864
c 363 3.89454 3.89454 416.864
c 667 1 1 415.683
c 384 1 1 415.683
c 363 3.9603 3.9603 415.683
c 667 1 1 412.161
c 384 1 1 412.161
c 363 4.16692 4.16692 412.161
c 667 1 1 409.21
c 384 1 1 409.21
c 363 4.34235 4.34235 409.21
e 363 4.37652 4.37652 408.635
c 667 1 1 403.391
c 384 1 1 403.391
c 667 1 1 392.702
c 384 1 1 392.702
c 667 1 1 385.304
c 384 1 1 385.304
s 362 1.94296 1.94296 387.258 1
c 362 1.68765 1.68765 385.304
c 667 1 1 382.176
c 384 1 1 382.176
c 362 1.27911 1.27911 382.176
c 667 1 1 380.522
c 384 1 1 380.522
c 362 1.06294 1.06294 380.522
e 362 1 1.49583 380.04
s 677 1 1.49583 380.04 1
c 677 1 1 378.664
c 667 1 1 378.664
c 384 1 1 378.664
c 677 1 1 375.887
c 667 1 1 375.887
c 384 1 1 375.887
c 677 1 1 373.262
c 667 1 1 373.262
c 384 1 1 373.262
s 378 5 5 374.488 0
c 378 4.47692 4.47692 373.262
e 677 1 1 372.036
c 667 1 1 364.722
c 384 1 1 364.722
c 378 3.03202 3.03202 364.722
c 667 1 1 348.278
c 384 1 1 348.278
c 378 1.66338 1.66338 348.278
e 378 1 5 339.148
s 679 1 5 339.148 0
c 679 1 1 325.06
c 667 1 1 325.06
c 384 1 1 325.06
c 679 1 1 310.777
c 667 1 1 310.777
c 384 1 1 310.777
c 679 1 1 310
c 667 1 1 310
c 384 1 1 310
c 679 1 1 304.84
c 667 1 1 304.84
c 384 1 1 304.84
c 679 1 1 294.021
c 667 1 1 294.021
c 384 1 1 294.021
s 11 1 1 300.261 0
c 11 1 1 294.021
c 679 1 1 282.077
c 667 1 1 282.077
c 384 1 1 282.077
c 11 1 1 282.077
c 679 1 1 272.208
c 667 1 1 272.208
c 384 1 1 272.208
c 11 1 1 272.208
e 384 1 5 268.043
e 11 1 5 268.043
s 683 1 5 268.043 0
c 683 1 1 245.888
s 682 1 5 268.043 0
c 682 1 1 245.888
c 679 1 1 245.888
c 667 1 1 245.888
c 683 1 1 222.989
c 682 1 1 222.989
c 679 1 1 222.989
c 667 1 1 222.989
s 375 5 5 223.733 0
c 375 4.92403 4.92403 222.989
c 683 1 1 220.154
c 682 1 1 220.154
c 679 1 1 220.154
c 667 1 1 220.154
c 375 4.63453 4.63453 220.154
c 683 1 1 217.853
c 682 1 1 217.853
c 679 1 1 217.853
c 667 1 1 217.853
c 375 4.39946 4.39946 217.853
c 683 1 1 206.532
c 682 1 1 206.532
c 679 1 1 206.532
c 667 1 1 206.532
c 375 3.24352 3.24352 206.532
c 683 1 1 193.056
c 682 1 1 193.056
c 679 1 1 193.056
c 667 1 1 193.056
c 375 1.64241 1.64241 193.056
c 683 1 1 189.738
c 682 1 1 189.738
c 679 1 1 189.738
c 667 1 1 189.738
c 375 1.14324 1.14324 189.738
e 683 1 5 188.785
e 375 1 5 188.785
s 687 1 5 188.785 0
c 687 1 1 185.277
s 686 1 5 188.785 0
c 686 1 1 185.277
c 682 1 1 185.277
c 679 1 1 185.277
c 667 1 1 185.277
c 687 1 1 178.338
c 686 1 1 178.338
c 682 1 1 178.338
c 679 1 1 178.338
c 667 1 1 178.338
c 687 1 1 173.247
c 686 1 1 173.247
c 682 1 1 173.247
c 679 1 1 173.247
c 667 1 1 173.247
s 381 5 5 174.908 0
c 381 4.72922 4.72922 173.247
c 687 1 1 168.434
c 686 1 1 168.434
c 682 1 1 168.434
c 679 1 1 168.434
c 667 1 1 168.434
c 381 3.96607 3.96607 168.434
c 687 1 1 164.359
c 686 1 1 164.359
c 682 1 1 164.359
c 679 1 1 164.359
c 667 1 1 164.359
c 381 3.55731 3.55731 164.359
c 687 1 1 162.568
c 686 1 1 162.568
c 682 1 1 162.568
c 679 1 1 162.568
c 667 1 1 162.568
c 381 3.37764 3.37764 162.568
s 689 4.8573 4.8573 161.701 0
c 689 4.84446 4.84446 161.545
c 687 1 1 161.545
c 686 1 1 161.545
c 682 1 1 161.545
c 679 1 1 161.545
c 667 1 1 161.545
c 381 3.27502 3.27502 161.545
e 689 4.83161 5 161.389
s 690 4.83161 5 161.389 0
c 690 4.80501 4.80501 161.066
c 687 1 1 161.066
c 686 1 1 161.066
c 682 1 1 161.066
c 679 1 1 161.066
c 667 1 1 161.066
c 381 3.22694 3.22694 161.066
c 690 4.72547 4.72547 160.1
c 687 1 1 160.1
c 686 1 1 160.1
c 682 1 1 160.1
c 679 1 1 160.1
c 667 1 1 160.1
c 381 3.12999 3.12999 160.1
c 690 4.29406 4.29406 154.858
c 687 1 1 154.858
c 686 1 1 154.858
c 682 1 1 154.858
c 679 1 1 154.858
c 667 1 1 154.858
c 381 2.68254 2.68254 154.858
s 4 1 1 159.456 0
c 4 1 1 154.858
c 690 3.91056 3.91056 150.245
c 687 1 1 150.245
c 686 1 1 150.245
c 682 1 1 150.245
c 679 1 1 150.245
c 667 1 1 150.245
c 381 2.31147 2.31147 150.245
c 4 1 1 150.245
c 690 3.65516 3.65516 147.277
c 687 1 1 147.277
c 686 1 1 147.277
c 682 1 1 147.277
c 679 1 1 147.277
c 667 1 1 147.277
c 381 2.07269 2.07269 147.277
c 4 1 1 147.277
c 690 3.20384 3.20384 142.033
c 687 1 1 142.033
c 686 1 1 142.033
c 682 1 1 142.033
c 679 1 1 142.033
c 667 1 1 142.033
c 381 1.69396 1.69396 142.033
c 4 1 1 142.033
c 690 2.94595 2.94595 139.111
c 687 1 1 139.111
c 686 1 1 139.111
c 682 1 1 139.111
c 679 1 1 139.111
c 667 1 1 139.111
c 381 1.48799 1.48799 139.111
c 4 1 1 139.111
e 381 1.44349 5 138.48
e 667 1 5 138.48
e 4 1 5 138.48
s 693 1.44349 5 138.48 0
c 693 1.26348 1.26348 135.926
s 692 1 5 138.48 0
c 692 1 1 135.926
s 691 1 5 138.48 0
c 691 1 1 135.926
c 690 2.63468 2.63468 135.926
c 687 1 1 135.926
c 686 1 1 135.926
c 682 1 1 135.926
c 679 1 1 135.926
c 693 1.05664 1.05664 132.992
c 692 1 1 132.992
c 691 1 1 132.992
c 690 2.34792 2.34792 132.992
c 687 1 1 132.992
c 686 1 1 132.992
c 682 1 1 132.992
c 679 1 1 132.992
c 693 1.02107 1.02107 132.487
c 692 1 1 132.487
c 691 1 1 132.487
c 690 2.29861 2.29861 132.487
c 687 1 1 132.487
c 686 1 1 132.487
c 682 1 1 132.487
c 679 1 1 132.487
s 3 1 1 132.611 0
c 3 1 1 132.487
c 693 1.00616 1.00616 132.276
c 692 1 1 132.276
c 691 1 1 132.276
c 690 2.27794 2.27794 132.276
c 687 1 1 132.276
c 686 1 1 132.276
c 682 1 1 132.276
c 679 1 1 132.276
c 3 1 1 132.276
e 691 1 5 132.189
e 693 1 5 132.189
s 696 1 5 132.189 0
c 696 1 1 128.316
s 695 1 5 132.189 0
c 695 1 1 128.316
c 692 1 1 128.316
c 690 1.86711 1.86711 128.316
c 687 1 1 128.316
c 686 1 1 128.316
c 682 1 1 128.316
c 679 1 1 128.316
c 3 1 1 128.316
c 696 1 1 122.738
c 695 1 1 122.738
c 692 1 1 122.738
c 690 1.20305 1.20305 122.738
c 687 1 1 122.738
c 686 1 1 122.738
c 682 1 1 122.738
c 679 1 1 122.738
c 3 1 1 122.738
e 690 1 5 121.032
s 697 1 5 121.032 0
c 697 1 1 106.112
c 696 1 1 106.112
c 695 1 1 106.112
c 692 1 1 106.112
c 687 1 1 106.112
c 686 1 1 106.112
c 682 1 1 106.112
c 679 1 1 106.112
c 3 1 1 106.112
c 697 1 1 90.7073
c 696 1 1 90.7073
c 695 1 1 90.7073
c 692 1 1 90.7073
c 687 1 1 90.7073
c 686 1 1 90.7073
c 682 1 1 90.7073
c 679 1 1 90.7073
c 3 1 1 90.7073
s 0 1 1 91.1929 0
c 0 1 1 90.7073
c 697 1 1 89.5496
c 696 1 1 89.5496
c 695 1 1 89.5496
c 692 1 1 89.5496
c 687 1 1 89.5496
c 686 1 1 89.5496
c 682 1 1 89.5496
c 679 1 1 89.5496
s 379 5 5 90.2218 0
c 379 4.33098 4.33098 89.5496
c 3 1 1 89.5496
c 0 1 1 89.5496
c 697 1 1 88.8251
c 696 1 1 88.8251
c 695 1 1 88.8251
c 692 1 1 88.8251
c 687 1 1 88.8251
c 686 1 1 88.8251
c 682 1 1 88.8251
c 679 1 1 88.8251
c 379 3.11759 3.11759 88.8251
c 3 1 1 88.8251
c 0 1 1 88.8251
e 0 1 3 88.7729
e 379 3 5 88.7729
s 698 1 5 88.7729 0
c 698 1 1 72.9078
c 697 1 1 72.9078
c 696 1 1 72.9078
c 695 1 1 72.9078
c 692 1 1 72.9078
c 687 1 1 72.9078
c 686 1 1 72.9078
c 682 1 1 72.9078
c 679 1 1 72.9078
c 3 1 1 72.9078
e 682 1 5 57.0428
e 3 1 5 57.0428
e 698 1 5 0
e 697 1 5 0
e 696 1 5 0
e 695 1 5 0
e 692 1 5 0
e 687 1 5 0
e 686 1 5 0
e 679 1 5 0
